   0.840   0.256   0.260   0.243
   0.276   0.278   0.281   0.832
   0.213   0.268   0.863   0.260
   0.232   0.845   0.263   0.244
   0.868   0.241   0.200   0.254
   0.301   0.264   0.268   0.834
   0.268   0.284   0.812   0.254
   0.280   0.846   0.245   0.228
   0.861   0.249   0.244   0.286
   0.255   0.242   0.291   0.840
   0.237   0.239   0.852   0.293
   0.250   0.876   0.282   0.283
  -0.019   0.018   0.050   0.919
   0.935   0.033   0.006   0.005
  -0.002   0.016   0.971  -0.027
   0.009   0.941   0.016  -0.015
   0.010   0.004  -0.033   0.967
   0.937   0.011  -0.013   0.043
  -0.015   0.040   0.889   0.054
  -0.021   0.939  -0.013   0.056
   0.042  -0.003   0.014   0.939
   0.956  -0.015   0.031  -0.017
   0.047  -0.033   0.949   0.004
   0.045   0.963   0.019  -0.013
   1.000
   0.603   1.000
   0.632   0.607   1.000
   0.615   0.583   0.565   1.000
   0.018   0.018   0.021   0.015
   0.015   0.018   0.016   0.015
   0.017   0.015   0.014   0.016
   0.017   0.013   0.018   0.015
   0.017   0.016   0.016   0.013
   0.015   0.016   0.016   0.018
   0.019   0.021   0.018   0.023
   0.017   0.015   0.016   0.020
   0.019   0.015   0.014   0.013
   0.015   0.016   0.018   0.016
   0.021   0.016   0.016   0.014
   0.015   0.011   0.013   0.011
   0.000
   0.033   0.000
   0.031   0.032   0.000
   0.032   0.034   0.035   0.000
   0.232   0.865   0.220   0.259
   0.266   0.289   0.259   0.832
   0.879   0.224   0.256   0.220
   0.251   0.217   0.854   0.253
   0.231   0.860   0.233   0.257
   0.280   0.290   0.276   0.836
   0.871   0.217   0.229   0.212
   0.268   0.240   0.860   0.234
   0.225   0.854   0.245   0.301
   0.211   0.284   0.263   0.834
   0.845   0.233   0.258   0.270
   0.250   0.251   0.893   0.278
  -0.009  -0.008   0.960   0.014
  -0.006   0.937   0.008   0.029
   0.019  -0.011   0.005   0.960
   0.945   0.014  -0.014   0.007
   0.010  -0.012   0.952   0.011
   0.012   0.935   0.003   0.041
  -0.012  -0.012   0.005   0.961
   0.950  -0.024   0.017   0.028
   0.016   0.049   0.929  -0.008
   0.014   0.952   0.011  -0.042
   0.014   0.061   0.008   0.904
   0.984   0.029   0.014  -0.016
   1.000
   0.606   1.000
   0.557   0.632   1.000
   0.575   0.573   0.540   1.000
   0.016   0.016   0.013   0.016
   0.017   0.016   0.018   0.016
   0.016   0.016   0.016   0.013
   0.012   0.017   0.016   0.015
   0.016   0.017   0.013   0.016
   0.016   0.015   0.016   0.016
   0.017   0.016   0.017   0.013
   0.012   0.016   0.015   0.015
   0.016   0.020   0.015   0.015
   0.017   0.016   0.018   0.018
   0.017   0.023   0.017   0.015
   0.009   0.011   0.010   0.010
   0.000
   0.032   0.000
   0.035   0.031   0.000
   0.034   0.034   0.036   0.000
   0.282   0.292   0.244   0.816
   0.292   0.285   0.843   0.236
   0.277   0.830   0.294   0.280
   0.849   0.230   0.260   0.250
   0.265   0.300   0.275   0.834
   0.256   0.270   0.853   0.284
   0.240   0.825   0.289   0.300
   0.843   0.261   0.273   0.273
   0.277   0.282   0.265   0.855
   0.276   0.275   0.815   0.252
   0.263   0.843   0.271   0.302
   0.883   0.262   0.281   0.279
   0.921   0.019  -0.014   0.028
  -0.030   0.020   0.950   0.034
  -0.018   0.944   0.020   0.031
  -0.004  -0.012   0.004   0.958
   0.942   0.018   0.027  -0.010
   0.049  -0.012   0.967  -0.028
   0.022   0.940   0.019  -0.022
   0.017   0.022   0.009   0.932
   0.976  -0.013   0.010   0.008
   0.006   0.013   0.914   0.017
   0.018   0.965  -0.018   0.010
   0.013   0.011   0.008   0.982
   1.000
   0.669   1.000
   0.621   0.651   1.000
   0.627   0.612   0.628   1.000
   0.017   0.020   0.018   0.019
   0.017   0.018   0.015   0.017
   0.016   0.015   0.017   0.017
   0.016   0.017   0.016   0.012
   0.015   0.017   0.018   0.015
   0.019   0.016   0.015   0.015
   0.018   0.016   0.018   0.016
   0.017   0.017   0.016   0.013
   0.013   0.015   0.015   0.014
   0.018   0.021   0.016   0.018
   0.016   0.014   0.016   0.014
   0.011   0.011   0.010   0.009
   0.000
   0.028   0.000
   0.032   0.030   0.000
   0.031   0.032   0.031   0.000
   0.826   0.255   0.264   0.315
   0.303   0.264   0.277   0.824
   0.263   0.286   0.838   0.269
   0.241   0.829   0.283   0.276
   0.828   0.267   0.290   0.281
   0.304   0.296   0.278   0.825
   0.294   0.269   0.832   0.268
   0.289   0.823   0.300   0.280
   0.853   0.276   0.277   0.273
   0.282   0.303   0.275   0.818
   0.279   0.314   0.828   0.280
   0.280   0.868   0.287   0.295
   0.058  -0.011  -0.009   0.930
   0.953   0.012  -0.027   0.022
   0.006   0.963   0.007  -0.014
   0.010   0.011   0.951  -0.024
  -0.002   0.031   0.010   0.934
   0.943   0.004   0.017   0.016
   0.003   0.950  -0.022   0.035
  -0.001   0.022   0.924   0.040
  -0.020   0.005   0.023   0.973
   0.939   0.006   0.036  -0.015
   0.012   0.931   0.043   0.002
   0.014  -0.011   0.990   0.014
   1.000
   0.653   1.000
   0.664   0.664   1.000
   0.672   0.649   0.633   1.000
   0.022   0.017   0.016   0.017
   0.016   0.018   0.017   0.018
   0.017   0.014   0.015   0.016
   0.018   0.017   0.014   0.016
   0.015   0.019   0.017   0.015
   0.015   0.017   0.016   0.017
   0.017   0.015   0.016   0.019
   0.016   0.017   0.014   0.018
   0.015   0.015   0.016   0.013
   0.017   0.018   0.019   0.017
   0.017   0.015   0.018   0.015
   0.012   0.011   0.010   0.011
   0.000
   0.030   0.000
   0.029   0.029   0.000
   0.028   0.030   0.031   0.000
   0.264   0.262   0.270   0.827
   0.251   0.261   0.843   0.248
   0.862   0.267   0.253   0.272
   0.266   0.825   0.288   0.264
   0.283   0.284   0.242   0.836
   0.240   0.272   0.863   0.241
   0.836   0.257   0.246   0.265
   0.262   0.840   0.271   0.274
   0.276   0.262   0.258   0.861
   0.245   0.259   0.847   0.254
   0.843   0.253   0.249   0.269
   0.289   0.866   0.287   0.294
   0.032   0.929  -0.005   0.000
   0.934   0.007   0.017   0.003
   0.004   0.004   0.964   0.012
   0.025  -0.006   0.005   0.936
  -0.018   0.937   0.019   0.030
   0.961  -0.006  -0.004   0.018
   0.006   0.005   0.934   0.008
  -0.004   0.009  -0.003   0.959
   0.006   0.976   0.005  -0.009
   0.940   0.017   0.006   0.000
   0.008   0.009   0.944  -0.002
   0.000   0.017   0.017   0.980
   1.000
   0.600   1.000
   0.590   0.629   1.000
   0.630   0.637   0.624   1.000
   0.019   0.016   0.018   0.017
   0.015   0.018   0.019   0.018
   0.015   0.016   0.013   0.016
   0.017   0.017   0.016   0.014
   0.016   0.015   0.018   0.019
   0.014   0.017   0.016   0.017
   0.018   0.019   0.015   0.019
   0.015   0.016   0.015   0.012
   0.014   0.013   0.015   0.015
   0.015   0.019   0.018   0.018
   0.017   0.018   0.015   0.018
   0.010   0.011   0.011   0.010
   0.000
   0.033   0.000
   0.034   0.031   0.000
   0.031   0.030   0.031   0.000
