   0.276   0.278   0.281   0.832
   0.213   0.268   0.863   0.260
   0.232   0.845   0.263   0.244
   0.868   0.241   0.200   0.254
   0.301   0.264   0.268   0.834
   0.268   0.284   0.812   0.254
   0.280   0.846   0.245   0.228
   0.861   0.249   0.244   0.286
   0.255   0.242   0.291   0.840
   0.237   0.239   0.852   0.293
   0.250   0.876   0.282   0.283
   1.000
   0.000   1.000
   0.000   0.000   1.000
   0.000   0.000   0.000   1.000
   0.018   0.018   0.021   0.015
   0.015   0.018   0.016   0.015
   0.017   0.015   0.014   0.016
   0.017   0.013   0.018   0.015
   0.017   0.016   0.016   0.013
   0.015   0.016   0.016   0.018
   0.019   0.021   0.018   0.023
   0.017   0.015   0.016   0.020
   0.019   0.015   0.014   0.013
   0.015   0.016   0.018   0.016
   0.021   0.016   0.016   0.014
   0.015   0.011   0.013   0.011
   0.000
   0.033   0.000
   0.031   0.032   0.000
   0.032   0.034   0.035   0.000
   0.266   0.289   0.259   0.832
   0.879   0.224   0.256   0.220
   0.251   0.217   0.854   0.253
   0.231   0.860   0.233   0.257
   0.280   0.290   0.276   0.836
   0.871   0.217   0.229   0.212
   0.268   0.240   0.860   0.234
   0.225   0.854   0.245   0.301
   0.211   0.284   0.263   0.834
   0.845   0.233   0.258   0.270
   0.250   0.251   0.893   0.278
   1.000
   0.000   1.000
   0.000   0.000   1.000
   0.000   0.000   0.000   1.000
   0.016   0.016   0.013   0.016
   0.017   0.016   0.018   0.016
   0.016   0.016   0.016   0.013
   0.012   0.017   0.016   0.015
   0.016   0.017   0.013   0.016
   0.016   0.015   0.016   0.016
   0.017   0.016   0.017   0.013
   0.012   0.016   0.015   0.015
   0.016   0.020   0.015   0.015
   0.017   0.016   0.018   0.018
   0.017   0.023   0.017   0.015
   0.009   0.011   0.010   0.010
   0.000
   0.032   0.000
   0.035   0.031   0.000
   0.034   0.034   0.036   0.000
   0.292   0.285   0.843   0.236
   0.277   0.830   0.294   0.280
   0.849   0.230   0.260   0.250
   0.265   0.300   0.275   0.834
   0.256   0.270   0.853   0.284
   0.240   0.825   0.289   0.300
   0.843   0.261   0.273   0.273
   0.277   0.282   0.265   0.855
   0.276   0.275   0.815   0.252
   0.263   0.843   0.271   0.302
   0.883   0.262   0.281   0.279
   1.000
   0.000   1.000
   0.000   0.000   1.000
   0.000   0.000   0.000   1.000
   0.017   0.020   0.018   0.019
   0.017   0.018   0.015   0.017
   0.016   0.015   0.017   0.017
   0.016   0.017   0.016   0.012
   0.015   0.017   0.018   0.015
   0.019   0.016   0.015   0.015
   0.018   0.016   0.018   0.016
   0.017   0.017   0.016   0.013
   0.013   0.015   0.015   0.014
   0.018   0.021   0.016   0.018
   0.016   0.014   0.016   0.014
   0.011   0.011   0.010   0.009
   0.000
   0.028   0.000
   0.032   0.030   0.000
   0.031   0.032   0.031   0.000
   0.303   0.264   0.277   0.824
   0.263   0.286   0.838   0.269
   0.241   0.829   0.283   0.276
   0.828   0.267   0.290   0.281
   0.304   0.296   0.278   0.825
   0.294   0.269   0.832   0.268
   0.289   0.823   0.300   0.280
   0.853   0.276   0.277   0.273
   0.282   0.303   0.275   0.818
   0.279   0.314   0.828   0.280
   0.280   0.868   0.287   0.295
   1.000
   0.000   1.000
   0.000   0.000   1.000
   0.000   0.000   0.000   1.000
   0.022   0.017   0.016   0.017
   0.016   0.018   0.017   0.018
   0.017   0.014   0.015   0.016
   0.018   0.017   0.014   0.016
   0.015   0.019   0.017   0.015
   0.015   0.017   0.016   0.017
   0.017   0.015   0.016   0.019
   0.016   0.017   0.014   0.018
   0.015   0.015   0.016   0.013
   0.017   0.018   0.019   0.017
   0.017   0.015   0.018   0.015
   0.012   0.011   0.010   0.011
   0.000
   0.030   0.000
   0.029   0.029   0.000
   0.028   0.030   0.031   0.000
   0.251   0.261   0.843   0.248
   0.862   0.267   0.253   0.272
   0.266   0.825   0.288   0.264
   0.283   0.284   0.242   0.836
   0.240   0.272   0.863   0.241
   0.836   0.257   0.246   0.265
   0.262   0.840   0.271   0.274
   0.276   0.262   0.258   0.861
   0.245   0.259   0.847   0.254
   0.843   0.253   0.249   0.269
   0.289   0.866   0.287   0.294
   1.000
   0.000   1.000
   0.000   0.000   1.000
   0.000   0.000   0.000   1.000
   0.019   0.016   0.018   0.017
   0.015   0.018   0.019   0.018
   0.015   0.016   0.013   0.016
   0.017   0.017   0.016   0.014
   0.016   0.015   0.018   0.019
   0.014   0.017   0.016   0.017
   0.018   0.019   0.015   0.019
   0.015   0.016   0.015   0.012
   0.014   0.013   0.015   0.015
   0.015   0.019   0.018   0.018
   0.017   0.018   0.015   0.018
   0.010   0.011   0.011   0.010
   0.000
   0.033   0.000
   0.034   0.031   0.000
   0.031   0.030   0.031   0.000
